255 0 35
255 0 30
255 0 24
255 0 18
255 0 12
255 17 0
255 23 0
255 29 0
255 34 0
255 40 0
255 45 0
255 50 0
255 54 0
255 59 0
255 64 0
255 68 0
255 73 0
255 77 0
255 81 0
255 86 0
255 90 0
255 94 0
255 98 0
255 102 0
255 106 0
255 110 0
255 114 0
255 118 0
255 122 0
255 126 0
255 130 0
255 134 0
255 138 0
255 141 0
255 145 0
255 149 0
255 153 0
255 156 0
255 160 0
255 164 0
255 167 0
255 171 0
255 174 0
255 178 0
255 181 0
255 185 0
255 188 0
255 192 0
255 195 0
255 199 0
255 202 0
255 206 0
255 209 0
255 213 0
255 216 0
255 219 0
255 223 0
255 226 0
255 229 0
255 233 0
255 236 0
255 239 0
255 243 0
255 246 0
255 249 0
255 252 0
254 255 0
251 255 0
248 255 0
245 255 0
241 255 0
238 255 0
235 255 0
231 255 0
228 255 0
225 255 0
221 255 0
218 255 0
215 255 0
211 255 0
208 255 0
204 255 0
201 255 0
198 255 0
194 255 0
191 255 0
187 255 0
184 255 0
180 255 0
177 255 0
173 255 0
169 255 0
166 255 0
162 255 0
159 255 0
155 255 0
151 255 0
147 255 0
144 255 0
140 255 0
136 255 0
132 255 0
129 255 0
125 255 0
121 255 0
117 255 0
113 255 0
109 255 0
105 255 0
101 255 0
97 255 0
93 255 0
88 255 0
84 255 0
80 255 0
75 255 0
71 255 0
67 255 0
62 255 0
57 255 0
53 255 0
48 255 0
43 255 0
38 255 0
32 255 0
27 255 0
21 255 0
14 255 0
0 255 14
0 255 21
0 255 27
0 255 32
0 255 38
0 255 43
0 255 48
0 255 53
0 255 57
0 255 62
0 255 67
0 255 71
0 255 75
0 255 80
0 255 84
0 255 88
0 255 93
0 255 97
0 255 101
0 255 105
0 255 109
0 255 113
0 255 117
0 255 121
0 255 125
0 255 129
0 255 132
0 255 136
0 255 140
0 255 144
0 255 147
0 255 151
0 255 155
0 255 159
0 255 162
0 255 166
0 255 169
0 255 173
0 255 177
0 255 180
0 255 184
0 255 187
0 255 191
0 255 194
0 255 198
0 255 201
0 255 204
0 255 208
0 255 211
0 255 215
0 255 218
0 255 221
0 255 225
0 255 228
0 255 231
0 255 235
0 255 238
0 255 241
0 255 245
0 255 248
0 255 251
0 255 254
0 252 255
0 249 255
0 246 255
0 243 255
0 239 255
0 236 255
0 233 255
0 229 255
0 226 255
0 223 255
0 219 255
0 216 255
0 213 255
0 209 255
0 206 255
0 202 255
0 199 255
0 195 255
0 192 255
0 188 255
0 185 255
0 181 255
0 178 255
0 174 255
0 171 255
0 167 255
0 164 255
0 160 255
0 156 255
0 153 255
0 149 255
0 145 255
0 141 255
0 138 255
0 134 255
0 130 255
0 126 255
0 122 255
0 118 255
0 114 255
0 110 255
0 106 255
0 102 255
0 98 255
0 94 255
0 90 255
0 86 255
0 81 255
0 77 255
0 73 255
0 68 255
0 64 255
0 59 255
0 54 255
0 50 255
0 45 255
0 40 255
0 34 255
0 29 255
0 23 255
0 17 255
12 0 255
18 0 255
24 0 255
30 0 255
35 0 255
