255 11 0
255 20 0
255 29 0
255 37 0
255 44 0
255 51 0
255 58 0
255 65 0
255 72 0
255 78 0
255 84 0
255 90 0
255 96 0
255 102 0
255 108 0
255 114 0
255 120 0
255 125 0
255 131 0
255 137 0
255 142 0
255 147 0
255 153 0
255 158 0
255 163 0
255 169 0
255 174 0
255 179 0
255 184 0
255 189 0
255 194 0
255 199 0
255 204 0
255 209 0
255 214 0
255 219 0
255 224 0
255 229 0
255 234 0
255 238 0
255 243 0
255 248 0
255 253 0
253 255 0
248 255 0
243 255 0
238 255 0
234 255 0
229 255 0
224 255 0
219 255 0
214 255 0
209 255 0
204 255 0
199 255 0
194 255 0
189 255 0
184 255 0
179 255 0
174 255 0
169 255 0
163 255 0
158 255 0
153 255 0
147 255 0
142 255 0
137 255 0
131 255 0
125 255 0
120 255 0
114 255 0
108 255 0
102 255 0
96 255 0
90 255 0
84 255 0
78 255 0
72 255 0
65 255 0
58 255 0
51 255 0
44 255 0
37 255 0
29 255 0
20 255 0
0 255 11
0 255 20
0 255 29
0 255 37
0 255 44
0 255 51
0 255 58
0 255 65
0 255 72
0 255 78
0 255 84
0 255 90
0 255 96
0 255 102
0 255 108
0 255 114
0 255 120
0 255 125
0 255 131
0 255 137
0 255 142
0 255 147
0 255 153
0 255 158
0 255 163
0 255 169
0 255 174
0 255 179
0 255 184
0 255 189
0 255 194
0 255 199
0 255 204
0 255 209
0 255 214
0 255 219
0 255 224
0 255 229
0 255 234
0 255 238
0 255 243
0 255 248
0 255 253
0 253 255
0 248 255
0 243 255
0 238 255
0 234 255
0 229 255
0 224 255
0 219 255
0 214 255
0 209 255
0 204 255
0 199 255
0 194 255
0 189 255
0 184 255
0 179 255
0 174 255
0 169 255
0 163 255
0 158 255
0 153 255
0 147 255
0 142 255
0 137 255
0 131 255
0 125 255
0 120 255
0 114 255
0 108 255
0 102 255
0 96 255
0 90 255
0 84 255
0 78 255
0 72 255
0 65 255
0 58 255
0 51 255
0 44 255
0 37 255
0 29 255
0 20 255
11 0 255
20 0 255
29 0 255
37 0 255
44 0 255
51 0 255
58 0 255
65 0 255
72 0 255
78 0 255
84 0 255
90 0 255
96 0 255
102 0 255
108 0 255
114 0 255
120 0 255
125 0 255
131 0 255
137 0 255
142 0 255
147 0 255
153 0 255
158 0 255
163 0 255
169 0 255
174 0 255
179 0 255
184 0 255
189 0 255
194 0 255
199 0 255
204 0 255
209 0 255
214 0 255
219 0 255
224 0 255
229 0 255
234 0 255
238 0 255
243 0 255
248 0 255
253 0 255
255 0 253
255 0 248
255 0 243
255 0 238
255 0 234
255 0 229
255 0 224
255 0 219
255 0 214
255 0 209
255 0 204
255 0 199
255 0 194
255 0 189
255 0 184
255 0 179
255 0 174
255 0 169
255 0 163
255 0 158
255 0 153
255 0 147
255 0 142
255 0 137
255 0 131
255 0 125
255 0 120
255 0 114
255 0 108
255 0 102
255 0 96
255 0 90
255 0 84
255 0 78
255 0 72
255 0 65
255 0 58
255 0 51
255 0 44
255 0 37
255 0 29
255 0 20
255 0 11
