255 0 0
255 4 0
255 8 0
255 12 0
255 16 0
255 20 0
255 24 0
255 28 0
255 32 0
255 36 0
255 40 0
255 44 0
255 48 0
255 52 0
255 56 0
255 60 0
255 64 0
255 68 0
255 72 0
255 76 0
255 80 0
255 84 0
255 88 0
255 92 0
255 96 0
255 100 0
255 104 0
255 108 0
255 112 0
255 116 0
255 120 0
255 124 0
255 128 0
255 132 0
255 136 0
255 140 0
255 144 0
255 148 0
255 152 0
255 156 0
255 160 0
255 164 0
255 168 0
255 172 0
255 176 0
255 180 0
255 184 0
255 188 0
255 192 0
255 196 0
255 200 0
255 204 0
255 208 0
255 212 0
255 216 0
255 220 0
255 224 0
255 228 0
255 232 0
255 236 0
255 240 0
255 244 0
255 248 0
255 252 0
254 255 0
250 255 0
246 255 0
242 255 0
238 255 0
234 255 0
230 255 0
226 255 0
222 255 0
218 255 0
214 255 0
210 255 0
206 255 0
202 255 0
198 255 0
194 255 0
190 255 0
186 255 0
182 255 0
178 255 0
174 255 0
170 255 0
166 255 0
162 255 0
158 255 0
154 255 0
150 255 0
146 255 0
142 255 0
138 255 0
134 255 0
130 255 0
126 255 0
122 255 0
118 255 0
114 255 0
110 255 0
106 255 0
102 255 0
98 255 0
94 255 0
90 255 0
86 255 0
82 255 0
78 255 0
74 255 0
70 255 0
66 255 0
62 255 0
58 255 0
54 255 0
50 255 0
46 255 0
42 255 0
38 255 0
34 255 0
30 255 0
26 255 0
22 255 0
18 255 0
14 255 0
10 255 0
6 255 0
2 255 0
0 254 2
0 252 6
0 250 10
0 248 14
0 246 18
0 244 22
0 242 26
0 240 30
0 238 34
0 236 38
0 234 42
0 232 46
0 230 50
0 228 54
0 226 58
0 224 62
0 222 66
0 220 70
0 218 74
0 216 78
0 214 82
0 212 86
0 210 90
0 208 94
0 206 98
0 204 102
0 202 106
0 200 110
0 198 114
0 196 118
0 194 122
0 192 126
0 190 130
0 188 134
0 186 138
0 184 142
0 182 146
0 180 150
0 178 154
0 176 158
0 174 162
0 172 166
0 170 170
0 168 174
0 166 178
0 164 182
0 162 186
0 160 190
0 158 194
0 156 198
0 154 202
0 152 206
0 150 210
0 148 214
0 146 218
0 144 222
0 142 226
0 140 230
0 138 234
0 136 238
0 134 242
0 132 246
0 130 250
0 128 254
3 126 252
7 124 248
11 122 244
15 120 240
19 118 236
23 116 232
27 114 228
31 112 224
35 110 220
39 108 216
43 106 212
47 104 208
51 102 204
55 100 200
59 98 196
63 96 192
67 94 188
71 92 184
75 90 180
79 88 176
83 86 172
87 84 168
91 82 164
95 80 160
99 78 156
103 76 152
107 74 148
111 72 144
115 70 140
119 68 136
123 66 132
127 64 128
131 62 124
135 60 120
139 58 116
143 56 112
147 54 108
151 52 104
155 50 100
159 48 96
163 46 92
167 44 88
171 42 84
175 40 80
179 38 76
183 36 72
187 34 68
191 32 64
195 30 60
199 28 56
203 26 52
207 24 48
211 22 44
215 20 40
219 18 36
223 16 32
227 14 28
231 12 24
235 10 20
239 8 16
243 6 12
247 4 8
251 2 4
255 0 0
