255 255 0
255 253 0
255 252 0
255 250 0
255 248 0
255 247 0
255 245 0
255 243 0
255 242 0
255 240 0
255 238 0
255 237 0
255 235 0
255 233 0
255 232 0
255 230 0
255 228 0
255 226 0
255 225 0
255 223 0
255 221 0
255 220 0
255 218 0
255 216 0
255 214 0
255 213 0
255 211 0
255 209 0
255 208 0
255 206 0
255 204 0
255 202 0
255 201 0
255 199 0
255 197 0
255 195 0
255 194 0
255 192 0
255 190 0
255 188 0
255 186 0
255 185 0
255 183 0
255 181 0
255 179 0
255 177 0
255 176 0
255 174 0
255 172 0
255 170 0
255 168 0
255 166 0
255 165 0
255 163 0
255 161 0
255 159 0
255 157 0
255 155 0
255 153 0
255 152 0
255 150 0
255 148 0
255 146 0
255 144 0
255 142 0
255 140 0
255 138 0
255 136 0
255 134 0
255 132 0
255 130 0
255 129 0
255 127 0
255 125 0
255 123 0
255 121 0
255 119 0
255 117 0
255 115 0
255 113 0
255 111 0
255 109 0
255 106 0
255 104 0
255 102 0
255 100 0
255 98 0
255 96 0
255 94 0
255 92 0
255 90 0
255 88 0
255 85 0
255 83 0
255 81 0
255 79 0
255 77 0
255 74 0
255 72 0
255 70 0
255 67 0
255 65 0
255 63 0
255 60 0
255 58 0
255 56 0
255 53 0
255 51 0
255 48 0
255 46 0
255 43 0
255 41 0
255 38 0
255 35 0
255 33 0
255 30 0
255 27 0
255 24 0
255 21 0
255 18 0
255 14 0
255 11 0
0 0 0
0 0 0
0 0 0
0 0 0
0 0 0
0 0 0
0 0 0
0 0 0
0 0 0
0 0 0
0 0 0
0 0 0
0 0 0
11 0 255
0 15 255
0 18 255
0 21 255
0 24 255
0 27 255
0 30 255
0 33 255
0 35 255
0 38 255
0 41 255
0 43 255
0 46 255
0 49 255
0 51 255
0 54 255
0 56 255
0 58 255
0 61 255
0 63 255
0 66 255
0 68 255
0 70 255
0 72 255
0 75 255
0 77 255
0 79 255
0 81 255
0 84 255
0 86 255
0 88 255
0 90 255
0 92 255
0 95 255
0 97 255
0 99 255
0 101 255
0 103 255
0 105 255
0 107 255
0 109 255
0 111 255
0 113 255
0 115 255
0 117 255
0 119 255
0 121 255
0 123 255
0 125 255
0 127 255
0 129 255
0 131 255
0 133 255
0 135 255
0 137 255
0 139 255
0 141 255
0 143 255
0 145 255
0 147 255
0 149 255
0 151 255
0 153 255
0 154 255
0 156 255
0 158 255
0 160 255
0 162 255
0 164 255
0 166 255
0 168 255
0 169 255
0 171 255
0 173 255
0 175 255
0 177 255
0 179 255
0 180 255
0 182 255
0 184 255
0 186 255
0 188 255
0 189 255
0 191 255
0 193 255
0 195 255
0 197 255
0 198 255
0 200 255
0 202 255
0 204 255
0 205 255
0 207 255
0 209 255
0 211 255
0 212 255
0 214 255
0 216 255
0 218 255
0 219 255
0 221 255
0 223 255
0 225 255
0 226 255
0 228 255
0 230 255
0 231 255
0 233 255
0 235 255
0 236 255
0 238 255
0 240 255
0 242 255
0 243 255
0 245 255
0 247 255
0 248 255
0 250 255
0 252 255
0 253 255
0 255 255
